100
 1 1
 2 1
 3 2
 4 1
 5 1
 6 3
 7 1
 8 6
 9 5
 10 7
 11 10
 12 11
 13 5
 14 1
 15 2
 16 12
 17 3
 18 7
 19 14
 20 15
 21 4
 22 8
 23 18
 24 20
 25 6
 26 5
 27 11
 28 26
 29 6
 30 2
 31 4
 32 25
 33 14
 34 4
 35 17
 36 4
 37 5
 38 19
 39 36
 40 18
 41 17
 42 40
 43 36
 44 7
 45 41
 46 8
 47 19
 48 28
 49 7
 50 6
 51 48
 52 31
 53 50
 54 8
 55 45
 56 53
 57 38
 58 51
 59 48
 60 10
 61 41
 62 25
 63 45
 64 27
 65 56
 66 7
 67 6
 68 51
 69 22
 70 41
 71 9
 72 48
 73 17
 74 65
 75 25
 76 40
 77 44
 78 47
 79 16
 80 40
 81 9
 82 49
 83 79
 84 69
 85 55
 86 32
 87 70
 88 18
 89 56
 90 88
 91 9
 92 37
 93 65
 94 5
 95 6
 96 72
 97 5
 98 29
 99 35
 100 72
